3 6 1 7 5 12 10 13 8 15 2 9 4 14 16 11 
8 16 12 11 15 4 1 2 5 14 10 7 6 13 3 9 
9 2 14 5 8 11 3 6 1 16 4 13 15 12 10 7 
13 15 10 4 16 14 9 7 6 11 3 12 5 1 2 8 
15 3 13 10 11 6 7 14 9 12 5 8 1 16 4 2 
7 4 2 16 3 9 12 8 13 1 14 15 11 10 5 6 
14 8 11 6 2 1 5 16 3 4 7 10 12 9 13 15 
1 12 5 9 13 15 4 10 2 6 16 11 3 7 8 14 
11 7 8 13 4 2 6 3 10 5 1 14 9 15 12 16 
16 10 9 15 7 13 14 11 4 8 12 3 2 6 1 5 
2 14 3 1 9 5 15 12 7 13 6 16 8 4 11 10 
4 5 6 12 10 8 16 1 15 9 11 2 7 3 14 13 
12 13 15 14 1 7 2 9 16 3 8 5 10 11 6 4 
6 11 7 8 14 3 13 5 12 10 9 4 16 2 15 1 
10 1 4 2 12 16 8 15 11 7 13 6 14 5 9 3 
5 9 16 3 6 10 11 4 14 2 15 1 13 8 7 12 
